$ANSIBLE_VAULT;1.1;AES256
32653232363038613930333530343932623637666661623061623966613466656238326434316537
3064653638383938323831336533663638363135383536630a313236653264383033333238343137
37366531393963363536323463646537383033346463353039613735643339343739626165373166
3136393637396337350a333763313737373163663238376566346336353364663933666430623662
65333961663139633366643637383136393132663063653464353666663930366464383430646436
38666531636261636334383632366566666562646462376334396335623165363435326231383935
62333932623739316138333735653737373834663234343934373034623438633038383334303962
65353233366632383736626435343436323561346430356337396364386364653663393331626663
61356136616662623638373061353337653532646335326237383662646266376233316437393261
39396231363032623262343061343037383234623863613134623035633532393966656636343439
36386362653431666238656232363962653937323161366263343431613433343662643430356339
62393162633266353564656665393432336261346265316662376134326631656138303833376565
66373364373362643238656435633435633936376636613662666435616362653165396332303962
35623137313734633663653333623162663034363263336165333164643233616666333434613133
34313038376438646663663063366632373666396663343136346134626666366661353831656166
62646137616338386462633432393631323634376635353931363536663037336465626431336162
66336463343065373535313866663830613431343137326564663266323064383261306165306664
35323431613432623562616338386639613662386564646665666461326262643738343863396637
65363534636334373230633834666363363334396139626131616638643739643133376636376663
65363636653439393936363338313762396238333036343164373137303063633035306636303236
30376533313332636439353038373162623963353936346663663162323237303739623963306436
63376637353066393738396430333535336137396263653261653265316638366166393136623633
37303763633939663931656136386165363332366336376262333835376534633034663134303362
37313665653263316162633137633065616630323931636462313831356435616438643336393561
33356134666339393439386630666235383234373961643162396334313039616538373162353132
65333866333138363634303265643564376433623934353732646666346239333339303737383438
30363265383963653363613762323465396636333261613463356233386661633730396233373733
33663161323862616465366633396239613966653236613537636138613739353364623838666134
32353037643734653139663662346531323235316162336235376633393534373862636538303166
65626664613536373934326234633236636430666439646161613261306635636231316163663463
64323733393630373664613938656464333562616166306230643833643035373236366664373062
33626236643036353833343163646262636537333234623535353830363763633039653664373839
61333034356638393862343836336437663864383334623230663536366236353464636231343339
37623264376666623537316233393563656633313061626232303139623830343063363164366332
36616562356532313062643533316165356563663162653666353337376162626134643761346435
30336466333730633664316562396230323330643633396366343635393763336337316235663333
32636261376238633364666436623634303132303732306137653462363138646634653838353434
37613265346434363236356431353733656261386136396636393331666330626536663165323433
38663931303033623861353663316366366534303261626635613564393139666335373732366361
39646165643033306132303936336165343232343932613630316337323763626264393562616634
32646466666634616630396566616436306634306533316539323463323930653332643061343034
62613235356637303734376562333030663065303632313737303633316565306137623830343236
63333037616239663933633461373331666336303366623564343937646533336361363030316432
38353531353034306266343562616539623434396336613536666138316337306166393530386635
34303938623636633132643037316363616436626366383131623062666534633134633034366166
38373231653532666530356238663565316334303935666434653436383535343062363063393431
39633636336636313732643637663938643937353336646163366463643437633863393663646165
38613962356464616461316636393136356639363835613134346231326133303034393165353265
38386431666538333763303439653635663762373439633665366530373437383633643366373933
61663033643339333932336165383935666538353634396331633936356536656435663938656537
35616538623438313532643935366465636261636365636638316330363534346338383765353135
39633438626334353365313361353539346564383532383962313064653634343236346665363765
65353164333263393533346235613861373862623036336535313263653932303436333637626265
64623332306264303036363235313838666430656332363261643232636161393030623935636666
37383765396239323161316137323731613862363564626565663434396461623230383435633634
37373837363535393832383166316233303137633536303364656431353835353066646434663465
66323438393330663139386138616264353062393838653364326333396364626534343636643035
64323232306532343963393936306638323331363464366261343130326139646232363733343535
32373632366562656233373738376432646134633136346631336637396139336166333564623438
33353361356633363665396239356462383332376436313531363437383331363634643432653530
61373963623862346262303564316464623534626562633564303034353262363338363435363631
65393539316530386332643834393863313935363161653039653238653834643664626163393863
66336562626632306130666138643163376233316634303164663530353637303930636531326631
34643663343637386662336161313766663633666261633438393630333866613033383366323161
38656363636130623730373763346130323332633430633630383763383633643533383131363031
34336663653039663562393637636534636533626438353339353466323366386361616237333263
62383166633761376231343439353030323835353231653237323731326236353966343034353565
30663033666638663037623536636161393435646335636131373038313139613435353637363864
66613866303637356237613663386138616463326366373636663732376136663661346131623434
66633234666266633032343831646334383330363461623534656637383337613230306130666630
63626139333038343632326563636634626235616632656133373762343439363962363263366363
61363236373032373064616635316161666237313739363461653638386130326231633838616161
34363933376630653438396236366337306239643666323334373163396338343439353435653035
30653661313361313464376639376465653037633330663636376332356165333336303530623864
39666136613466323464663637333236623263643563386136656334616463623131356635343765
31656230363134393237346138353134636161643663646139346438343437396163343538646237
64373233366338323766313132326233383532663434623465313233633262633034353837306631
39656261626463343435326130356132356537666338323638646631653365633938303866356466
33643635383862666135346163333034613965373663646231616634343264653265303939326264
63383931356632656238383738363935363237626637326534373865396337363264343664333266
66633536306631333962353135613433343961653865396637393133316163323662663562663738
65353130663132386463333764376235623362396133613830363539386536323434646166373733
63373335666263383537316632323338383035373665643234316235353436393130636166353932
38313638356265343766383162643830626239353137336361316239353333663332613635626432
32623165396134656237616437316330626635383231353134623931663734313765626363373961
36363433366439646363666462316537383164636166633136386332623134636431323830646233
37373562646130616335613634303633633231376661366639313963346362353734323437376635
33316663373539303866343864616165393536616366333236666261383530383038323362643562
33623965363135336430393235303834303166353565343933323837666339656133313163663738
37656339633339353630663138396334373837353436386564343230373364656535653961343135
32663938393233353965386262613335306330363861626233636562363536376163636133646539
61373835393837313831386361396332333961346438323031333566326230326239323961616234
31623664383139356661316634306562396539626663613161373139336665663566643462653961
36323233376437393834663039353538666538336537343361363339346134616663313639383661
34343263643962323539316266313935383861333333663733313564376266326163346435326261
31353531363331343633623831633535383438323134303030313163303330393238306436343665
37363835363938356163326135343834666464393933323836613630356232336562353539303432
62623234376538306538623533343261626662396266343965373839663439336562373764666533
38626630353664646661366564306631663736323536303264616663336434343136313133653537
36316139303336383166353263663337316161633737636431646537633261333166666661383236
34316363636666313037336164613261616565343033306266353564393836313663663433653830
32303930633738346131666537326337393338373333616361313863353631363736343961343063
34653036363461623066616166356233393031346466656534383033343432653161323331346163
66313533323635366364626262646132306137623431663934336465633165373935353562396662
38396365313334376662313366643236303432313362663239643735643037663465656632616130
34626130316562623931623435386538623733303765386163303630616462383262633035373833
33323530363432323936306134393265353363623961343963353131326562376235623766323834
37326435363832613965373633323866336531323662303731646537346165313664663935316433
36353164653961633132396262346636363465666636666564643165376362633437313134316236
37613238343365303031333432353965633266366632663866656564613563346237333133656664
37343836653830316661343464336338396331313237383239376537643562653663326163623539
61343163656439306535643561636565353261336433333164666163646336373038386565613038
31313032376230303136383731396333376265343631323933333634636164643266353238393438
35643635333330326664383038393737666262653736326437616331643031663834663938346633
65396132636162316136376134356438623637326135363766353734626463373764333731396365
34656331663432313939636430623839313737656234336364653739636438376631373639643433
39366538343135633238386237313065636561313138656166306561366565626538643363646335
30663039333630303133343030633233353032646236653166356339313634616535353433623665
66653030666431343265666538623761386666303238613638363766383164333730626361393333
64353362363837306435383664623230663834633133343131313836333336616463623032663664
66303065336634343534393865323139656334633532623130613932313131306266316465326530
38343639626166613664303735663031373264333339303532363464636634366363313738306663
37386630356337333365393436343439373462383266623338643866303136663063653436303437
39363761336462343338626236393066633564663334663233333666626263376338663433393861
34626537616634393366313230303832316137366530313835343634316231613066363561303435
38623164663865353139363534353662623936346633306561343530313531356462386335306433
37663536616466623936316632656532626532346561613465363436356163313735653934363431
62393135356661366461656265386638366634653661633834663865653961326530653166366362
38316332653035356161626437316535373961313032393533663764383937373361366366353431
63633437613962643739373135616466333533356166336431383539643566636366353264323636
65666435356563343138333366333434613531613635326536396637653766313136383933343261
38646337326430616237653264323434626630333938666635356563333364383461643964613664
65616231633531663337636463666430623164626535326636306237333939613436326163383562
3261373431353236356366653961666330353334333863316362
